function [ vertices ] = genCube( size )
% cube = [    0, 0, 0;    % bottom
%             0, 1, 0;
%             1, 0, 0;
%             1, 1, 0;
%             0, 0, -1;
%             0, 1, -1;
%             1, 0, -1;
%             1, 1, -1;];

cube = [0, 0, 0;
        0, 1, 0;
        1, 1, 0;
        1, 0, 0;
        0, 0, 0;
        0, 0, -1;
        0, 1, -1;
        0, 1,  0;
        0, 1, -1;
        1, 1, -1
        1, 1,  0;
        1, 1, -1
        1, 0, -1;
        1, 0,  0;
        1, 0, -1;
        0, 0, -1;];

vertices = cube' * size;


end

